columns after L are missing


Turtles Verification Codes:

     A      B      C      D      E      F      G      H      I
1    0170   1109   9770   0533   0138   1221   0610   0049   0152
2    8272   1192   8788   1066   0661   8266   0165   0082   1065
3    9828   0690   0217   8428   0118   9275   8733   9230   8839
4    8810   0053   0154   1101   0550   0019   0137   9284   9762
5    9902   1751   9963   8949   0250   8445   1150   0575   1055
6    0589   8358   1235   0617   8244   9370   9805   8742   1171
7    8301   9398   8795   1069   8854   8267   0165   8274   8233
8    9808   0580   0212   1258   0629   9274   0669   0078   1191
9    1620   1706   9941   9962   0757   1274   0789   0638   0191
10   0657   9288   8868   9298   1705   8788   1194   9941   8810
11   9779   0537   8332   8390   9315   8753   8216   8332   8262
12   1096   9892   1618   0681   8404   0234   9333   9762   0029
13   0089   8364   1110   9771   8725   9354   8901   1122   1713
14   1710   1623   1707   9941   0746   9461   1786   0637   1214
15   0549   9362   8905   0100   1202   8793   9260   0662   8267
16   0721   1128   1716   9818   0685   9430   1771   0629   8378
17   1769   9844   8890   9437   8942   1143   1723   8797   0174
18   1273   9980   9919   9919   8927   8431   1271   1659   1597
19   9431   9835   1178   1178   8909   1126   0691   1113   9900
20   1566   0655   0199   9443   0625   0056   8348   9294   0551
21   8706   1153   9920   1632   9904   1752   0748   1270   0763
22   1146   9917   0606   0175   1239   9835   0565   0154   8397
23   8416   8432   8312   1084   1566   1551   9863   9923   0737
24   0683   1109   1706   9813   0682   0213   1258   0629   0058
25   8833   9280   1696   8784   1192   0724   1130   0693   9306
26   1189   1746   0617   0180   0218   9325   9782   0539   1165
27   8725   8330   9413   1634   1585   1688   0716   9446   0755
28   1578   8725   0138   0197   1122   0561   0024   0140   9286
29   1108   9898   1621   9898   1749   0746   1269   0762   0125
30   9793   0655   0144   8392   0100   0050   1049   9740   0518
31   1579   9877   9930   9957   1778   1785   1788   0766   9471
32   0253   0126   9279   0543   9231   1671   0579   1185   0720
33   8282   9261   0634   1035   1669   9794   9889   0720   1256
34   0005   0002   8193   0000   0000   8192   0000   0000   1024
35   0004   0002   0001   9216   0512   9216   1664   0576   1184
36   0005   8322   9281   0544   1040   8840   0068   0162   1105
37   1260   9974   0635   9405   8926   9327   1719   8795   1197
38   1605   9762   9873   0712   1252   8946   0121   9404   1630
39   0238   8311   9275   9757   1550   8839   1219   9953   1648
40   8271   1191   9811   1577   0660   8394   9445   9842   1593


     J      K      L
1    0076   9254   0531
2    0532   0010   9349
3    1091   8865   1104
4    9745   8840   1220
5    9871   0583   0163
6    1737   8804   9394
7    0020   1034   8709
8    0595   9257   0660
9    0223   9327   0567
10   0181   1242   1645
11   1059   8721   8200
12   1166   1607   0547
13   1624   0684   9430
14   0735   0111   9399
15   8357   9298   8745
16   9437   0622   1079
17   9431   1643   9781
18   0670   9423   0743
19   9814   9899   8917
20   8211   8329   0068
21   9341   9918   9823
22   0102   0051   1049
23   1264   8952   9340
24   0157   0078   0039
25   0685   0086   1195
26   8902   9315   0689
27   9337   8892   9310
28   0547   9233   8840
29   0190   0095   0047
30   9347   8897   9312
31   9983   9855   1727
32   9320   9908   0602
33   8948   0122   0189
34   0512   0000   0128
35   0720   0104   0180
36   9768   0532   9354
37   0726   8299   0181
38   9775   8855   9419
39   9912   8924   0238
40   1692   1742   9959


